8564086498
2342388349
2406419823
2408063562
2763258482
5164535620
8564086498
5164535620
5854993562
4108468649
4125508649
5854993562
6674028649
6806008649
5408813562
6073658649
9294853562
4437386498
9735786494
5189178649
4108468649
7169198649
6672668649
5086258649
9295058649
8566178649
4703918649
9804658649
5186148649
2724358649
9735786491
5854998649
9733486494
7179983562
7605486499
9736356207
5408813562
4846253562
5854058649
6073658649
5715758649
9294853562
8564086498
5164535620
5854993562
4108468649
4125508649
4437386498
6674028649
6806008649
5408813562
6073658649
9294853562
4437386498
9735786494
5189178649
6806008649
8564086498
5164535620
5854993562
4108468649
4125508649
9735786494
6674028649
6806008649
5408813562
6073658649
9294853562
4437386498
9735786494
5189178649
5189178649
7169198649
6672668649
5086258649
9295058649
8566178649
4703918649
9804658649
5186148649
2724358649
9735786491
5854998649
9733486494
7179983562
7605486499
9736356207
5086258649
4846253562
5854058649
9295058649
5715758649
7603698649
6107235620
6107235622
4422683562
3016908649
5853808649
8035928649
8285898649
6672608649
4703918649
8568888649
4123135626
8572568649
7164638649
7814108649
8572735622
4432648649
6105798649
8572735625
5085686499
2408063562
7164638649
6107235620
5186148649
6107235628
4123135621
8565228649
4702208649
2724358649
2343510349
2342388349
9735786491
7179983562
